# Created by Octave 3.4.3, Fri Nov 25 14:02:56 2011 CET <jeff@jeff>
# name: training_classes
# type: matrix
# rows: 100
# columns: 1
 4
 2
 2
 4
 7
 2
 4
 4
 2
 6
 2
 9
 12
 1
 6
 11
 1
 1
 6
 5
 1
 8
 1
 8
 10
 3
 1
 1
 1
 1
 6
 10
 10
 5
 1
 6
 1
 3
 3
 1
 3
 2
 1
 7
 2
 9
 2
 4
 7
 4
 4
 9
 3
 5
 4
 4
 2
 1
 2
 2
 2
 4
 3
 5
 3
 3
 2
 13
 1
 5
 5
 11
 1
 2
 4
 1
 1
 2
 3
 2
 2
 3
 1
 8
 3
 2
 1
 1
 8
 3
 1
 1
 3
 4
 3
 9
 7
 3
 3
 1


